############################################
#batch size 32
train_losses: 
 [0.3510011621170349, 0.26032618044010886, 0.25436222806937725, 0.21521347959275075, 0.22138773407752008, 0.2114562417940007, 0.18714270633829516, 0.20258610180654543, 0.18698855041615708, 0.18020643595248292, 0.16912329806446355, 0.17804855861457278, 0.17255475781507187, 0.15452718429982998, 0.17412213667974633, 0.16055537520043145, 0.15592570399160438, 0.1535308074816472, 0.15020250614360675, 0.150171116802652, 0.14739699114513935, 0.14638867519669613, 0.1380578110348819, 0.1456947586742947, 0.1404809982258048, 0.14399946472290096, 0.1385496152519282, 0.12802851395278103, 0.13486035627553242, 0.1270550491712749, 0.12752563659866425, 0.12522609571166857, 0.11901937894060113, 0.12697673828925116, 0.1304830802208174, 0.12984929016305452, 0.11514548420232568, 0.1223145263679957, 0.12396237625689606, 0.12007777279491927, 0.11655047418034009, 0.10667265343379839, 0.11420808427751401, 0.11363648404340959, 0.11408954893577346, 0.11607518941900656, 0.1309035300142123, 0.11012544298295472, 0.1143411653919633, 0.10988290125535706] 
 train_accs 
 [0.8468926553672316, 0.884180790960452, 0.8922787193973635, 0.9071563088512241, 0.8971751412429378, 0.9092278719397363, 0.9163841807909604, 0.9065913370998117, 0.9150659133709981, 0.9203389830508475, 0.9229755178907721, 0.9244821092278719, 0.9233521657250471, 0.9338983050847458, 0.9258003766478342, 0.9297551789077213, 0.9286252354048964, 0.9333333333333333, 0.9369114877589454, 0.9338983050847458, 0.9378531073446328, 0.9376647834274953, 0.9380414312617702, 0.9333333333333333, 0.9335216572504708, 0.9365348399246705, 0.9408662900188324, 0.9446327683615819, 0.939924670433145, 0.9418079096045198, 0.944256120527307, 0.9433145009416196, 0.9487758945386064, 0.9406779661016949, 0.9418079096045198, 0.9423728813559322, 0.951035781544256, 0.9451977401129943, 0.9461393596986817, 0.947457627118644, 0.948210922787194, 0.952165725047081, 0.948210922787194, 0.9465160075329567, 0.9491525423728814, 0.9470809792843691, 0.9418079096045198, 0.9493408662900188, 0.9485875706214689, 0.9538606403013182] 
 val_accs 
 [0.9089026915113871, 0.94824016563147, 0.9523809523809524, 0.9523809523809524, 0.9461697722567288, 0.955831608005521, 0.9523809523809524, 0.9675638371290546, 0.9744651483781919, 0.971704623878537, 0.94824016563147, 0.9723947550034506, 0.9744651483781919, 0.9572118702553485, 0.9730848861283644, 0.9710144927536232, 0.971704623878537, 0.9599723947550035, 0.9786059351276742, 0.9696342305037957, 0.9661835748792271, 0.9661835748792271, 0.9440993788819876, 0.9641131815044859, 0.9661835748792271, 0.9627329192546584, 0.9772256728778468, 0.9744651483781919, 0.9737750172532782, 0.9806763285024155, 0.9779158040027606, 0.9744651483781919, 0.9648033126293996, 0.961352657004831, 0.9730848861283644, 0.9772256728778468, 0.955831608005521, 0.9779158040027606, 0.9799861973775017, 0.9730848861283644, 0.9786059351276742, 0.9806763285024155, 0.9751552795031057, 0.9592822636300897, 0.9710144927536232, 0.9579020013802623, 0.9751552795031057, 0.9772256728778468, 0.9661835748792271, 0.9765355417529331] 
 val_losses 
 [0.2508146255222465, 0.13766696564776063, 0.12804546151143095, 0.1330847347693825, 0.12058262697956412, 0.11808999958451326, 0.1301547985824739, 0.08508290798551794, 0.07714390997396328, 0.08408252209980295, 0.13735843441089818, 0.06868800306994804, 0.06611655010045439, 0.13635595132557585, 0.07643874631288382, 0.06587772186475326, 0.07860298108102547, 0.10061350878677733, 0.06907100901984609, 0.081794916431685, 0.08028563663743955, 0.09084911314285958, 0.19115293747761522, 0.08401145948112536, 0.07909295540315847, 0.08506989562363358, 0.05977909795308757, 0.06115718515811336, 0.06894945107447659, 0.05428831542799027, 0.05875642873537055, 0.061021582278549306, 0.10002333070604635, 0.12122916157458304, 0.06441607330382652, 0.05665522451672235, 0.12847725781075414, 0.0601694319064636, 0.06608586700786138, 0.06707940711154557, 0.05589127381961456, 0.05675974748019589, 0.07017738252743697, 0.15098744385160398, 0.07501150706036641, 0.13673550734067305, 0.07719373663410473, 0.08333027083683808, 0.12268835827885398, 0.0702980449905245] 
 test_accs 
 [0.9778130054473877] 
 test_losses 
 [0.06671118738997592]  


 ###########################################
 